1
844.2816772460938,301.8869934082031,246.8480987548828,159.1446075439453
843.673583984375,299.952392578125,246.18060302734375,158.39430236816406
853.2073974609375,300.2384948730469,247.37030029296875,160.7908935546875
843.1768798828125,299.0491943359375,249.70950317382812,160.58309936523438
843.1768798828125,299.0491943359375,249.70950317382812,160.58309936523438
843.1768798828125,299.0491943359375,249.70950317382812,160.58309936523438
843.1768798828125,299.0491943359375,249.70950317382812,160.58309936523438
843.1768798828125,299.0491943359375,249.70950317382812,160.58309936523438
843.1768798828125,299.0491943359375,249.70950317382812,160.58309936523438
843.1768798828125,299.0491943359375,249.70950317382812,160.58309936523438
843.1768798828125,299.0491943359375,249.70950317382812,160.58309936523438
843.1768798828125,299.0491943359375,249.70950317382812,160.58309936523438
843.1768798828125,299.0491943359375,249.70950317382812,160.58309936523438
843.1768798828125,299.0491943359375,249.70950317382812,160.58309936523438
3369.488037109375,1743.9691162109375,247.9176025390625,160.3332061767578
3369.7158203125,1742.47314453125,251.68739318847656,160.65170288085938
3368.9287109375,1743.301513671875,247.4257049560547,161.56939697265625
3368.76904296875,1742.3731689453125,249.6134033203125,161.38160705566406
3368.40869140625,1742.806884765625,248.23959350585938,160.97500610351562
3369.640380859375,1742.7919921875,247.7144012451172,162.154296875
3367.508544921875,1741.823974609375,250.80929565429688,161.68580627441406
3369.88671875,1743.0928955078125,247.052001953125,160.8795928955078
3369.5947265625,1742.3492431640625,251.8582000732422,160.8144073486328
3369.094482421875,1743.575439453125,247.25880432128906,161.54580688476562
3368.712158203125,1742.24365234375,249.96380615234375,161.42599487304688
3369.506591796875,1743.3193359375,245.656005859375,161.39430236816406
3368.940673828125,1743.9820556640625,246.4492950439453,159.37049865722656
3376.0810546875,1743.26904296875,244.0637969970703,159.9315948486328
3374.51025390625,1744.38525390625,245.33380126953125,159.60740661621094
3372.556396484375,1744.1201171875,242.95860290527344,159.45269775390625
3373.3671875,1745.0843505859375,240.65570068359375,159.21780395507812
3378.420654296875,1746.2408447265625,241.16189575195312,159.93490600585938
3373.562255859375,1746.0198974609375,240.6593017578125,158.88009643554688
3378.1953125,1746.3983154296875,241.57510375976562,159.62890625
3373.79296875,1745.9908447265625,240.83580017089844,158.87010192871094
3374.185546875,1746.96240234375,241.73240661621094,160.14169311523438
3372.527587890625,1746.0128173828125,241.03790283203125,158.9936065673828
3376.795654296875,1746.646240234375,239.55650329589844,160.38319396972656
3373.947998046875,1745.7188720703125,240.23109436035156,160.18690490722656
3373.319091796875,1747.1334228515625,241.31759643554688,159.3656005859375
3373.869384765625,1745.7225341796875,240.44320678710938,160.55369567871094
3372.677978515625,1746.0704345703125,240.35369873046875,158.802001953125
3377.644775390625,1745.8985595703125,241.8813018798828,159.5677032470703
3373.36572265625,1746.182373046875,241.19610595703125,158.5655975341797
3368.990478515625,1752.2203369140625,189.99099731445312,149.52389526367188
3370.62109375,1745.7459716796875,246.8271026611328,157.60960388183594
3377.390380859375,1745.7186279296875,240.4188995361328,157.56520080566406
3376.775146484375,1745.9599609375,241.02259826660156,160.2758026123047
3372.711669921875,1746.142333984375,240.53729248046875,158.82240295410156
3377.1201171875,1746.892333984375,239.6707000732422,160.20010375976562
3373.5341796875,1745.65869140625,240.74349975585938,159.62420654296875
3377.718017578125,1745.5792236328125,243.40049743652344,159.4329071044922
3376.6044921875,1746.1219482421875,239.6300048828125,157.81849670410156
3381.744384765625,1746.3939208984375,239.60780334472656,159.37229919433594
3376.6083984375,1746.8887939453125,239.40899658203125,159.9261016845703
3376.495849609375,1744.1131591796875,240.79249572753906,162.0030975341797
3378.793212890625,1744.7208251953125,242.7001953125,158.7028045654297
3373.706298828125,1745.6851806640625,240.57090759277344,160.04299926757812
3372.44775390625,1747.29736328125,240.98680114746094,159.24319458007812
3375.4697265625,1745.0723876953125,241.26449584960938,160.50900268554688
3374.282470703125,1747.0439453125,240.52549743652344,158.25270080566406
3371.974365234375,1746.484375,241.60580444335938,160.72500610351562
3375.370849609375,1743.9161376953125,242.6123046875,160.3148956298828
3373.767578125,1744.4637451171875,240.76449584960938,159.24879455566406
3377.201171875,1675.3656005859375,258.1134948730469,213.41909790039062
3379.5732421875,1737.4752197265625,248.77969360351562,162.12069702148438
3369.97802734375,1743.888916015625,246.560302734375,160.3148956298828
3372.167724609375,1743.6893310546875,244.96690368652344,159.45599365234375
3374.827392578125,1744.0870361328125,244.98599243164062,159.76930236816406
3423.603515625,1751.419189453125,199.8419952392578,154.10150146484375
3368.88525390625,1745.460205078125,246.64779663085938,157.4633026123047
3370.697021484375,1745.251953125,243.9832000732422,159.31190490722656
3375.46337890625,1746.2979736328125,239.1074981689453,158.18670654296875
3373.936767578125,1746.6630859375,242.12869262695312,160.09230041503906
3371.70166015625,1745.2506103515625,242.406494140625,159.32659912109375
3377.3232421875,1745.8179931640625,240.84979248046875,158.33189392089844
3372.871826171875,1747.341064453125,242.6746063232422,159.69729614257812
3373.857177734375,1744.477294921875,240.85020446777344,159.22439575195312
3373.82080078125,1744.864013671875,240.9324951171875,161.64759826660156
3369.13037109375,1759.58837890625,245.59579467773438,147.1114959716797
3368.740966796875,1743.361328125,249.1031036376953,157.99850463867188
3371.681884765625,1745.30517578125,244.04440307617188,159.63079833984375
3378.89501953125,1744.6175537109375,242.6992950439453,158.9029998779297
3373.140869140625,1745.0206298828125,240.6719970703125,159.46389770507812
3379.89794921875,1745.4029541015625,241.36669921875,159.31149291992188
3376.020263671875,1746.1470947265625,244.2646026611328,158.83009338378906
3371.412841796875,1745.92236328125,241.26910400390625,157.98699951171875
3375.97509765625,1746.85595703125,240.8249969482422,159.77369689941406
3376.9365234375,1745.346923828125,240.5010986328125,161.26010131835938
3373.23193359375,1745.6455078125,240.68519592285156,158.31910705566406
3378.435302734375,1746.9390869140625,239.02499389648438,159.59579467773438
3377.4423828125,1745.04345703125,239.84829711914062,160.64390563964844
3377.746337890625,1745.5682373046875,243.3105010986328,159.39869689941406
3377.052978515625,1745.957275390625,239.11740112304688,158.15260314941406
3376.97509765625,1746.639404296875,239.43809509277344,160.26510620117188
3373.774169921875,1745.6483154296875,240.50369262695312,160.21310424804688
3371.906494140625,1746.7899169921875,241.4613037109375,159.30780029296875
3374.787353515625,1744.87939453125,241.21719360351562,160.56719970703125
3372.80908203125,1746.6458740234375,242.7198028564453,158.31570434570312
3371.875,1747.0509033203125,241.8437042236328,158.11380004882812
3376.989990234375,1746.6649169921875,239.71029663085938,160.29519653320312
3373.878662109375,1745.8441162109375,240.39120483398438,160.28089904785156
3372.51611328125,1746.77783203125,241.6343994140625,159.1717071533203
3378.2607421875,1745.26123046875,242.34779357910156,160.18380737304688
3375.477783203125,1746.37109375,238.98829650878906,158.09579467773438
3373.787109375,1746.4066162109375,242.4615936279297,160.67359924316406
3370.5263671875,1744.0086669921875,244.60670471191406,160.17359924316406
3375.283447265625,1743.87109375,243.77569580078125,159.28460693359375
3374.121337890625,1744.56640625,240.36849975585938,159.05270385742188
3372.98583984375,1744.4232177734375,240.7917022705078,161.80230712890625
3378.539306640625,1745.2122802734375,242.76119995117188,157.6873016357422
3373.72607421875,1744.9036865234375,240.7926025390625,161.8188018798828
3377.147705078125,1744.34619140625,244.25689697265625,159.18370056152344
3375.0205078125,1743.9385986328125,242.56080627441406,160.09210205078125
3374.560791015625,1744.113525390625,243.06719970703125,159.9853973388672
3375.650634765625,1743.2744140625,242.29229736328125,160.56700134277344
3374.278076171875,1744.60791015625,240.08290100097656,159.07679748535156
3373.8837890625,1745.08544921875,240.74000549316406,161.93539428710938
3374.191162109375,1744.2242431640625,243.9281005859375,159.63600158691406
3374.46826171875,1743.6019287109375,242.5048065185547,160.5655059814453
3374.69287109375,1744.119140625,243.3271026611328,159.89149475097656
3374.676025390625,1743.9708251953125,242.7924041748047,160.1053924560547
3374.19140625,1744.514892578125,242.63490295410156,159.71099853515625
3374.521484375,1744.0164794921875,242.21910095214844,160.0615997314453
3375.848876953125,1743.828369140625,242.00559997558594,160.2971954345703
3374.06494140625,1744.534423828125,240.47470092773438,159.08909606933594
3373.233154296875,1744.665283203125,241.0115966796875,161.62399291992188
3378.936279296875,1744.4517822265625,242.4302978515625,159.10809326171875
3373.123046875,1744.9403076171875,240.69760131835938,159.54930114746094
3380.00146484375,1745.1978759765625,240.97500610351562,159.06719970703125
3374.687744140625,1747.37548828125,241.22959899902344,159.70230102539062
3373.401611328125,1746.14892578125,240.91549682617188,159.4167938232422
3372.706787109375,1746.971923828125,241.57470703125,159.2122039794922
3377.406494140625,1744.049560546875,240.95370483398438,160.6450958251953
3373.574462890625,1745.3681640625,187.71409606933594,148.45199584960938
3380.550048828125,1743.2742919921875,242.8231964111328,157.47439575195312
3377.65478515625,1745.689453125,241.9680938720703,159.5177001953125
3373.615478515625,1746.0672607421875,240.53419494628906,158.577392578125
3374.239990234375,1747.69921875,239.9761962890625,159.9346923828125
3377.772705078125,1745.5814208984375,243.273193359375,159.39520263671875
3375.3740234375,1746.280029296875,239.2406005859375,158.2407989501953
3375.98388671875,1746.382568359375,242.1284942626953,159.91650390625
3372.625244140625,1746.0120849609375,240.4427032470703,158.8343048095703
3376.1015625,1746.5345458984375,241.2991943359375,159.65989685058594
3371.25927734375,1746.43896484375,242.22250366210938,159.1298065185547
3370.70458984375,1747.270263671875,241.73919677734375,158.36920166015625
3370.30517578125,1746.0216064453125,242.5196075439453,161.26739501953125
3373.98681640625,1743.760009765625,245.9976043701172,159.8592987060547
3371.854248046875,1744.05908203125,243.39199829101562,159.32339477539062
3418.917236328125,1744.5440673828125,208.04510498046875,159.09759521484375
3368.844970703125,1746.89453125,249.09689331054688,157.95790100097656
3371.200927734375,1744.9603271484375,245.55670166015625,159.264404296875
3378.8525390625,1744.718994140625,242.56199645996094,158.71730041503906
3373.779541015625,1745.664306640625,240.49459838867188,160.1685028076172
3371.08251953125,1746.419189453125,242.99510192871094,160.19900512695312
3374.163330078125,1744.7369384765625,243.45559692382812,159.35549926757812
3373.80419921875,1744.5263671875,243.23739624023438,159.68460083007812
3370.64453125,1745.2518310546875,244.0404052734375,159.28590393066406
3375.498291015625,1746.2657470703125,239.15939331054688,158.21009826660156
3366.13134765625,1750.284912109375,249.1262969970703,156.08839416503906
3374.772705078125,1745.8914794921875,241.36990356445312,157.65789794921875
3375.770751953125,1746.661376953125,241.14390563964844,160.09449768066406
3376.95263671875,1744.878662109375,240.9281005859375,159.2635955810547
3375.76513671875,1745.597900390625,243.247802734375,159.84719848632812
3373.560302734375,1745.314453125,239.97019958496094,158.48269653320312
3374.133056640625,1747.7601318359375,240.10850524902344,159.77940368652344
3375.340087890625,1745.922607421875,243.6531982421875,159.46560668945312
3373.42626953125,1745.6463623046875,240.28799438476562,158.14739990234375
3377.55224609375,1747.3311767578125,238.177001953125,160.0408935546875
3373.90478515625,1745.30810546875,241.37350463867188,161.41400146484375
3374.577880859375,1744.103759765625,245.152099609375,159.65130615234375
3372.31982421875,1744.212890625,244.34849548339844,158.97549438476562
3374.151123046875,1744.5213623046875,240.0894012451172,159.04580688476562
3373.926513671875,1744.911865234375,240.75819396972656,161.80050659179688
3437.423828125,1752.8775634765625,192.95620727539062,151.6833953857422
3377.412841796875,1745.7493896484375,239.1468963623047,155.54429626464844
3370.905517578125,1743.7310791015625,248.356201171875,159.4405975341797
3369.238037109375,1743.6195068359375,246.47900390625,161.1071014404297
3369.1669921875,1743.97412109375,245.96719360351562,159.4095001220703
3373.535400390625,1743.8409423828125,243.32130432128906,160.16909790039062
3371.1083984375,1744.190673828125,244.8278045654297,159.57839965820312
3373.452880859375,1743.718017578125,243.4174041748047,160.36129760742188
3375.04736328125,1743.5081787109375,245.27920532226562,160.052001953125
3374.654541015625,1743.387451171875,243.50469970703125,160.24609375
3375.354248046875,1743.3458251953125,246.17529296875,162.43130493164062
3369.646728515625,1743.516357421875,247.6416015625,161.12339782714844
3369.649169921875,1742.39111328125,251.9105987548828,160.83309936523438
3368.82666015625,1743.43310546875,247.6479034423828,161.68739318847656
3368.73828125,1742.1146240234375,249.90939331054688,161.7646026611328
3370.5654296875,1743.126953125,244.9705047607422,160.88319396972656
3371.776611328125,1743.6290283203125,246.029296875,159.3238983154297
3372.597412109375,1744.393798828125,244.52740478515625,161.26260375976562
3372.6484375,1744.4757080078125,244.635498046875,160.57650756835938
3375.665283203125,1744.3916015625,246.58349609375,160.64430236816406
3372.052490234375,1744.71630859375,200.87559509277344,159.67869567871094
3368.103759765625,1746.6407470703125,247.6593017578125,159.56129455566406
3370.184814453125,1744.42578125,244.2758026123047,160.1945037841797
3375.872802734375,1745.255126953125,245.72189331054688,158.80520629882812
3378.64453125,1745.032958984375,242.44810485839844,157.75070190429688
