1
543.0322875976562,245.9770965576172,33.54520034790039,75.45659637451172
553.455078125,245.65359497070312,24.90089988708496,77.43509674072266
552.6427001953125,246.910400390625,24.2637996673584,76.87449645996094
553.2332763671875,246.08560180664062,24.05109977722168,76.16020202636719
553.2332763671875,246.08560180664062,24.05109977722168,76.16020202636719
553.2332763671875,246.08560180664062,24.05109977722168,76.16020202636719
553.2332763671875,246.08560180664062,24.05109977722168,76.16020202636719
553.2332763671875,246.08560180664062,24.05109977722168,76.16020202636719
553.2332763671875,246.08560180664062,24.05109977722168,76.16020202636719
553.2332763671875,246.08560180664062,24.05109977722168,76.16020202636719
553.2332763671875,246.08560180664062,24.05109977722168,76.16020202636719
553.2332763671875,246.08560180664062,24.05109977722168,76.16020202636719
553.2332763671875,246.08560180664062,24.05109977722168,76.16020202636719
553.2332763671875,246.08560180664062,24.05109977722168,76.16020202636719
553.2332763671875,246.08560180664062,24.05109977722168,76.16020202636719
3713.98779296875,2006.2257080078125,24.346599578857422,75.87580108642578
3714.287109375,2006.476806640625,24.322099685668945,75.76470184326172
3714.328125,2006.1966552734375,24.36750030517578,75.87439727783203
3714.23828125,2006.7789306640625,24.340599060058594,75.84709930419922
3714.3056640625,2006.4000244140625,24.351999282836914,75.83879852294922
3714.053466796875,2005.982177734375,24.289100646972656,76.42539978027344
3713.832275390625,2006.9544677734375,24.648399353027344,75.94519805908203
3713.179931640625,2008.1522216796875,25.129600524902344,75.92659759521484
3713.001708984375,2008.3756103515625,24.897499084472656,76.56099700927734
3712.611328125,2007.669677734375,25.212900161743164,76.1698989868164
3712.0341796875,2008.634033203125,25.565500259399414,76.43099975585938
3713.359375,2007.4483642578125,24.16469955444336,76.58489990234375
3713.86865234375,2007.4659423828125,24.615999221801758,75.96369934082031
3713.2021484375,2008.025634765625,25.15089988708496,75.92870330810547
3712.13671875,2008.1422119140625,25.473499298095703,76.54940032958984
3712.819091796875,2007.6588134765625,24.580299377441406,76.0613021850586
3713.218994140625,2007.928466796875,25.12220001220703,75.89640045166016
3712.640380859375,2007.6865234375,25.149999618530273,76.30570220947266
3712.531005859375,2007.7034912109375,25.066299438476562,76.19869995117188
3712.18212890625,2007.443115234375,25.468799591064453,76.37650299072266
3713.091552734375,2006.961669921875,24.600299835205078,76.45279693603516
3713.054931640625,2007.802734375,25.069799423217773,76.13600158691406
3712.48876953125,2007.49609375,25.22450065612793,76.3489990234375
3712.558837890625,2006.891357421875,25.13599967956543,76.90029907226562
3712.01123046875,2007.6705322265625,25.413999557495117,77.0625
3713.741943359375,2006.6004638671875,24.282499313354492,76.35870361328125
3713.90185546875,2006.793212890625,24.5580997467041,75.86940002441406
3713.960205078125,2006.5714111328125,24.521499633789062,75.87480163574219
3714.0361328125,2006.6326904296875,24.54949951171875,75.85420227050781
3713.99609375,2007.1787109375,24.529300689697266,75.93890380859375
3713.72705078125,2008.2880859375,24.54360008239746,75.6229019165039
3713.84814453125,2006.537841796875,24.61240005493164,75.87069702148438
3713.192626953125,2008.0697021484375,25.12529945373535,75.87319946289062
3712.447265625,2007.8648681640625,25.346900939941406,76.26909637451172
3712.646728515625,2007.30078125,25.01609992980957,76.94930267333984
3712.593994140625,2007.28076171875,25.07509994506836,76.90509796142578
3712.51708984375,2007.3739013671875,25.033899307250977,76.92469787597656
3713.067138671875,2006.9173583984375,24.681400299072266,76.6447982788086
3712.702880859375,2007.6590576171875,25.43280029296875,75.97100067138672
3712.51220703125,2007.3016357421875,25.126100540161133,76.96119689941406
3712.45068359375,2006.6007080078125,25.284000396728516,76.43270111083984
3712.493896484375,2007.1646728515625,25.158300399780273,76.939697265625
3712.583740234375,2007.014404296875,25.210599899291992,76.52780151367188
3712.302734375,2007.0654296875,25.21649932861328,76.85189819335938
3713.291015625,2007.1209716796875,24.515100479125977,76.47879791259766
3713.024658203125,2007.797119140625,25.354799270629883,75.96810150146484
3712.484375,2007.36669921875,25.09950065612793,76.22139739990234
3712.383544921875,2007.43505859375,25.239500045776367,76.37860107421875
3712.482177734375,2008.1051025390625,25.159500122070312,76.84120178222656
3712.27001953125,2006.966796875,25.257600784301758,76.82099914550781
3711.970458984375,2007.309814453125,25.128599166870117,75.65969848632812
3712.579833984375,2007.5538330078125,25.18560028076172,76.28980255126953
3712.618896484375,2007.624267578125,25.02549934387207,76.63939666748047
3712.47119140625,2007.92041015625,25.135900497436523,76.44400024414062
3712.6474609375,2007.754638671875,25.128799438476562,77.11150360107422
3713.680908203125,2005.9515380859375,24.4064998626709,76.92410278320312
3713.19970703125,2007.642822265625,25.122800827026367,75.9177017211914
3712.12548828125,2008.0037841796875,25.451099395751953,76.56900024414062
3713.47021484375,2005.8818359375,24.43239974975586,76.58789825439453
3713.300537109375,2008.25439453125,25.052600860595703,75.7354965209961
3712.90771484375,2007.4007568359375,24.89889907836914,76.0708999633789
3712.6416015625,2007.5714111328125,25.132099151611328,76.35749816894531
3712.198486328125,2006.84619140625,25.389299392700195,76.39679718017578
3713.546142578125,2005.84814453125,24.559900283813477,76.7083969116211
3713.048095703125,2007.9412841796875,25.212900161743164,75.82759857177734
3712.5751953125,2007.904296875,25.131500244140625,76.18270111083984
3712.138916015625,2007.7183837890625,25.473499298095703,76.5614013671875
3713.41015625,2007.4229736328125,24.439699172973633,76.36540222167969
3713.175537109375,2008.070068359375,25.117799758911133,75.96690368652344
3712.239501953125,2007.8779296875,25.364700317382812,76.4126968383789
3713.2626953125,2007.27099609375,24.381399154663086,77.2344970703125
3712.525390625,2007.458740234375,25.57430076599121,75.96530151367188
3713.481201171875,2006.5689697265625,24.486299514770508,76.80989837646484
3712.77587890625,2008.21484375,25.433399200439453,75.99310302734375
3712.563720703125,2007.978515625,25.025800704956055,76.77259826660156
3712.339599609375,2008.234130859375,25.256200790405273,76.37930297851562
3712.467041015625,2007.292236328125,25.069499969482422,76.89720153808594
3712.47314453125,2006.88037109375,25.255599975585938,77.05999755859375
3713.429931640625,2005.8245849609375,24.49340057373047,76.23310089111328
3713.197509765625,2007.9412841796875,25.183799743652344,75.75789642333984
3718.786376953125,2010.24755859375,17.901199340820312,71.4009017944336
3714.048828125,2006.90576171875,24.167200088500977,75.45790100097656
3714.25146484375,2005.819580078125,24.374099731445312,76.17790222167969
3713.853271484375,2007.661865234375,24.589500427246094,76.03500366210938
3713.25830078125,2008.0826416015625,25.04360008239746,75.90470123291016
3713.089599609375,2007.6343994140625,24.978099822998047,76.0188980102539
3712.58447265625,2007.425048828125,25.190200805664062,76.2969970703125
3712.858154296875,2007.60498046875,24.81800079345703,76.85700225830078
3712.6201171875,2008.73291015625,25.082300186157227,76.27140045166016
3712.668212890625,2008.25537109375,25.100900650024414,76.30829620361328
3712.4306640625,2007.22802734375,25.282800674438477,76.53970336914062
3712.4296875,2008.114013671875,25.140199661254883,76.68920135498047
3712.7939453125,2007.45654296875,24.944000244140625,76.92420196533203
3712.487060546875,2007.0472412109375,25.078399658203125,76.33830261230469
3712.223876953125,2007.792236328125,25.387399673461914,76.45829772949219
3714.772705078125,2008.2342529296875,21.782899856567383,80.8488998413086
3714.015625,2007.311279296875,23.444299697875977,76.09429931640625
3713.7822265625,2006.3482666015625,23.846599578857422,75.9301986694336
3714.310302734375,2005.66015625,24.050199508666992,76.03119659423828
3714.246337890625,2005.9100341796875,24.31529998779297,76.2052001953125
3713.68017578125,2007.7584228515625,24.723800659179688,75.84210205078125
3713.456298828125,2007.9849853515625,24.8799991607666,76.02619934082031
3713.13427734375,2008.25244140625,25.16349983215332,75.99299621582031
3712.664306640625,2008.046875,25.06089973449707,76.1500015258789
3712.248779296875,2008.152099609375,25.295499801635742,76.36519622802734
3711.919921875,2007.7764892578125,25.531700134277344,77.03009796142578
3713.458984375,2007.1263427734375,24.56570053100586,75.88079833984375
3713.3291015625,2008.062744140625,25.066099166870117,75.89299774169922
3712.53564453125,2007.7152099609375,25.230600357055664,76.3906021118164
3712.5615234375,2007.387939453125,24.920499801635742,76.60870361328125
3712.262451171875,2007.3629150390625,25.337200164794922,76.27449798583984
3712.881591796875,2006.8896484375,24.835399627685547,76.80580139160156
3712.43994140625,2008.804931640625,25.124900817871094,76.26619720458984
3712.369384765625,2007.7362060546875,25.24679946899414,76.46869659423828
3712.24267578125,2007.1038818359375,25.273300170898438,76.79170227050781
3713.311767578125,2006.917724609375,24.463899612426758,76.81410217285156
3712.65576171875,2007.6201171875,25.49959945678711,75.88020324707031
3712.172607421875,2007.0374755859375,25.357799530029297,76.87689971923828
3713.34130859375,2006.9339599609375,24.604000091552734,76.7113037109375
3712.61669921875,2007.8355712890625,25.50909996032715,75.82250213623047
3712.341552734375,2007.4339599609375,25.21139907836914,76.82689666748047
3713.4345703125,2006.8331298828125,24.385299682617188,76.69869995117188
3713.24560546875,2008.075439453125,25.119199752807617,76.06079864501953
3712.49609375,2008.0755615234375,25.208799362182617,76.41000366210938
3712.634521484375,2007.5853271484375,25.125699996948242,76.90540313720703
3712.669921875,2010.0238037109375,26.910600662231445,73.20549774169922
3713.22265625,2006.6688232421875,24.577999114990234,76.22470092773438
3713.208984375,2008.1611328125,25.143699645996094,76.1134033203125
3712.578857421875,2008.11181640625,25.030799865722656,76.38410186767578
3712.42138671875,2007.529541015625,25.19610023498535,76.27429962158203
3712.248779296875,2005.824462890625,25.440900802612305,76.18440246582031
3713.4482421875,2005.710693359375,24.486900329589844,76.35749816894531
3713.224609375,2008.1214599609375,25.092300415039062,76.01370239257812
3712.27734375,2007.2713623046875,25.34709930419922,76.27269744873047
3712.72900390625,2006.8399658203125,24.989999771118164,76.60910034179688
3712.05615234375,2006.9639892578125,25.620500564575195,76.29859924316406
3713.3984375,2006.5439453125,24.06760025024414,76.37960052490234
3714.19970703125,2006.346435546875,24.39109992980957,75.85359954833984
3713.98681640625,2006.490478515625,24.535400390625,75.91809844970703
3713.92626953125,2007.08251953125,24.552000045776367,75.64340209960938
3713.89892578125,2007.6138916015625,24.535400390625,75.77420043945312
3713.910400390625,2007.506103515625,24.532499313354492,75.7249984741211
3713.983154296875,2007.296630859375,24.56100082397461,75.94249725341797
3713.19775390625,2007.738525390625,25.13010025024414,76.14299774169922
3712.30029296875,2008.5899658203125,25.27790069580078,76.46510314941406
3712.55224609375,2008.234619140625,25.115400314331055,76.78500366210938
3712.442626953125,2007.1202392578125,25.075899124145508,76.88349914550781
3712.539306640625,2007.1002197265625,25.08989906311035,76.8750991821289
3713.220947265625,2008.0927734375,24.46179962158203,76.81120300292969
3712.62548828125,2008.247314453125,25.514999389648438,75.93319702148438
3713.259521484375,2005.7093505859375,24.23080062866211,76.91950225830078
3713.1337890625,2008.113037109375,25.233299255371094,75.6885986328125
3712.010498046875,2007.2418212890625,25.537700653076172,76.55139923095703
3713.441650390625,2007.3216552734375,24.165199279785156,76.2969970703125
3714.288818359375,2006.137939453125,24.421600341796875,75.95999908447266
3713.6181640625,2007.49169921875,24.685300827026367,75.88259887695312
3713.28955078125,2007.7496337890625,25.140399932861328,75.80249786376953
3712.6123046875,2007.8416748046875,25.18320083618164,76.36009979248047
3712.419921875,2006.6185302734375,25.202600479125977,76.96369934082031
3713.244873046875,2006.185791015625,24.448999404907227,76.01499938964844
3713.667724609375,2007.4788818359375,24.76300048828125,75.6552963256836
3713.313720703125,2007.7158203125,25.053699493408203,75.88259887695312
3712.55615234375,2007.5543212890625,25.245800018310547,76.5740966796875
3712.434326171875,2007.7706298828125,25.198999404907227,77.02739715576172
3713.24560546875,2006.93994140625,24.622600555419922,76.8134994506836
3711.83349609375,2007.7159423828125,25.969600677490234,76.42179870605469
3713.5322265625,2007.8426513671875,24.335800170898438,75.32839965820312
3714.2890625,2005.814697265625,24.33799934387207,76.1875
3713.93115234375,2006.96630859375,24.60770034790039,75.68170166015625
3713.888916015625,2007.0970458984375,24.540700912475586,75.55039978027344
3712.934326171875,2030.1549072265625,24.50749969482422,54.04330062866211
3714.046875,2007.8255615234375,23.834999084472656,75.33940124511719
3713.902587890625,2006.3455810546875,24.036500930786133,75.96849822998047
3714.2177734375,2005.9520263671875,24.373199462890625,76.15650177001953
3713.858154296875,2006.9813232421875,24.572399139404297,75.91390228271484
3713.38134765625,2008.2142333984375,24.95669937133789,75.80780029296875
3713.13671875,2007.7772216796875,25.098600387573242,76.05229949951172
3712.219482421875,2008.104248046875,25.38159942626953,76.44409942626953
3713.407958984375,2006.53125,24.488300323486328,76.4032974243164
3713.284912109375,2008.1700439453125,25.01289939880371,75.72830200195312
3712.509765625,2007.8455810546875,25.32900047302246,76.3667984008789
3712.96630859375,2007.5311279296875,24.80109977722168,76.69999694824219
3712.59619140625,2007.6719970703125,25.30579948425293,76.1886978149414
3712.640380859375,2007.501708984375,25.06369972229004,76.79129791259766
