1
608.462890625,104.98619842529297,55.462799072265625,30.85070037841797
608.1347045898438,103.55879974365234,56.01340103149414,33.239498138427734
608.3264770507812,104.29609680175781,55.33660125732422,33.00979995727539
608.0330810546875,103.99320220947266,56.06930160522461,32.14540100097656
608.0330810546875,103.99320220947266,56.06930160522461,32.14540100097656
608.0330810546875,103.99320220947266,56.06930160522461,32.14540100097656
3731.15673828125,2064.22021484375,55.59629821777344,31.778400421142578
3730.8544921875,2062.923583984375,55.4369010925293,32.525001525878906
3730.93994140625,2062.1943359375,55.51380157470703,33.480499267578125
3731.617919921875,2062.320556640625,55.373199462890625,33.500301361083984
3731.687255859375,2063.158935546875,55.54669952392578,32.070499420166016
3730.741455078125,2062.51953125,55.577598571777344,32.875
3731.3505859375,2061.45556640625,55.66210174560547,34.062599182128906
3731.370849609375,2063.694580078125,55.77000045776367,31.500499725341797
3731.4814453125,2063.396240234375,55.55939865112305,31.97439956665039
3730.8623046875,2062.919921875,55.46549987792969,32.527400970458984
3730.771484375,2062.09130859375,55.776798248291016,33.523799896240234
3731.515625,2063.210205078125,55.717899322509766,32.15919876098633
3730.651123046875,2062.74658203125,55.56520080566406,32.837799072265625
3731.246826171875,2061.427001953125,55.72380065917969,34.04309844970703
3730.807861328125,2063.793701171875,55.448001861572266,31.69339942932129
3731.182373046875,2063.869140625,55.90169906616211,31.179000854492188
3731.49072265625,2063.9033203125,55.47090148925781,31.36709976196289
3731.3203125,2063.714111328125,55.57360076904297,31.666200637817383
3730.891845703125,2063.302490234375,55.65610122680664,32.09489822387695
3730.636474609375,2062.541259765625,55.5369987487793,32.80979919433594
3730.119384765625,2069.416015625,55.892799377441406,23.84980010986328
3732.039794921875,2063.733642578125,56.07149887084961,31.524200439453125
3730.995361328125,2062.90966796875,55.45500183105469,32.53630065917969
3730.8427734375,2062.126708984375,55.64799880981445,33.487300872802734
3731.62939453125,2062.91552734375,55.701499938964844,32.36640167236328
3732.32275390625,2066.20703125,40.48509979248047,28.477100372314453
3731.491455078125,2064.07373046875,56.49399948120117,30.989599227905273
3730.97216796875,2063.28369140625,55.63090133666992,32.12620162963867
3730.626708984375,2062.57080078125,55.464599609375,32.91899871826172
3731.544189453125,2061.505859375,55.34659957885742,34.2067985534668
3731.441650390625,2063.84130859375,55.62670135498047,31.398799896240234
3731.349365234375,2063.886962890625,55.49340057373047,31.40760040283203
3731.25830078125,2063.8037109375,55.50189971923828,31.5310001373291
3731.12158203125,2063.281982421875,55.5994987487793,32.135799407958984
3730.677978515625,2062.546875,55.64569854736328,32.84519958496094
3731.319580078125,2061.35546875,55.60210037231445,34.23469924926758
3730.934326171875,2063.898193359375,55.54890060424805,31.258100509643555
3731.392822265625,2063.85546875,55.54309844970703,31.419200897216797
3731.4345703125,2064.02294921875,55.477500915527344,31.209299087524414
3731.77978515625,2063.956787109375,55.58570098876953,31.324100494384766
3731.556640625,2063.587158203125,55.38610076904297,31.811100006103516
3731.39892578125,2063.26416015625,55.59370040893555,32.15999984741211
3730.852783203125,2062.78369140625,55.444698333740234,32.95949935913086
3731.3173828125,2061.418212890625,55.699798583984375,34.07590103149414
3731.586181640625,2063.41650390625,55.940101623535156,31.62619972229004
3730.21533203125,2069.038818359375,55.983299255371094,24.911300659179688
3730.4736328125,2063.5908203125,55.98210144042969,31.563100814819336
3730.962158203125,2062.913330078125,55.502601623535156,32.53950119018555
3730.968994140625,2062.213134765625,55.46770095825195,33.50519943237305
3731.472900390625,2062.745361328125,55.20069885253906,32.950599670410156
3731.3271484375,2062.452392578125,55.00749969482422,33.032100677490234
3731.340576171875,2061.803955078125,55.682098388671875,33.6515998840332
3731.527587890625,2063.646240234375,55.51839828491211,31.47450065612793
3731.13623046875,2063.729248046875,55.606201171875,31.65049934387207
3731.072265625,2063.208740234375,55.658599853515625,32.21200180053711
3730.874267578125,2062.13916015625,55.635398864746094,33.46760177612305
3731.508544921875,2062.81689453125,55.359100341796875,32.646400451660156
3731.234375,2061.892822265625,55.577701568603516,33.632999420166016
3731.513671875,2063.046142578125,55.402198791503906,32.304298400878906
3730.54931640625,2062.507080078125,55.645198822021484,32.921199798583984
3731.1240234375,2065.750732421875,55.33980178833008,29.224599838256836
3730.759033203125,2062.895751953125,56.467201232910156,32.8297004699707
3731.763427734375,2062.46435546875,55.491798400878906,33.028099060058594
3731.431884765625,2061.513427734375,55.20119857788086,34.26539993286133
3731.420166015625,2063.000732421875,55.65909957885742,32.61289978027344
3731.43505859375,2061.739013671875,55.73619842529297,33.66619873046875
3731.501953125,2063.23095703125,55.4822998046875,32.31650161743164
3730.859130859375,2062.059814453125,55.70320129394531,33.46189880371094
3730.85302734375,2063.412353515625,55.36949920654297,32.29880142211914
3730.81689453125,2062.643310546875,55.527801513671875,32.625999450683594
3731.335205078125,2061.911865234375,55.33330154418945,33.773799896240234
3731.592041015625,2063.093017578125,55.49720001220703,32.4546012878418
3730.970947265625,2062.254638671875,55.50740051269531,33.52360153198242
3731.300537109375,2062.656982421875,55.5713005065918,32.84920120239258
3731.302734375,2061.46142578125,55.683799743652344,34.057498931884766
3731.472412109375,2065.2734375,35.572601318359375,29.905799865722656
3731.0712890625,2063.309326171875,56.154598236083984,31.725099563598633
3730.84814453125,2062.75439453125,55.38309860229492,32.6510009765625
3731.2421875,2061.8291015625,55.65140151977539,33.68239974975586
3731.403076171875,2064.04736328125,55.29629898071289,31.333799362182617
3729.888427734375,2061.448974609375,66.80370330810547,35.01580047607422
3730.7724609375,2062.747802734375,55.29359817504883,33.99720001220703
3731.1875,2063.085693359375,55.67110061645508,32.64970016479492
3731.314453125,2061.97021484375,55.42210006713867,33.601200103759766
3731.638916015625,2062.748779296875,55.33869934082031,32.93600082397461
3731.402587890625,2061.446044921875,55.41939926147461,34.226600646972656
3731.539794921875,2064.122802734375,55.57870101928711,31.336000442504883
3731.02294921875,2063.89453125,55.58150100708008,31.412599563598633
3731.23779296875,2063.9521484375,55.478599548339844,31.329700469970703
3731.3984375,2063.748779296875,55.50809860229492,31.62150001525879
3731.293701171875,2063.43798828125,55.53409957885742,31.906200408935547
3730.895751953125,2062.87255859375,55.51020050048828,32.59090042114258
3731.435791015625,2062.02001953125,55.18830108642578,33.65060043334961
3731.261474609375,2062.768310546875,55.35749816894531,32.87730026245117
3731.394775390625,2061.929931640625,55.46860122680664,33.615699768066406
3731.692138671875,2063.046630859375,55.87919998168945,32.18899917602539
3730.760009765625,2062.038330078125,55.77349853515625,33.49769973754883
3731.6845703125,2064.03515625,55.35449981689453,30.8533992767334
3731.218017578125,2063.985595703125,56.089298248291016,31.216400146484375
3731.555419921875,2063.197509765625,55.60919952392578,32.25379943847656
3730.749267578125,2062.175537109375,55.79209899902344,33.42110061645508
3731.068603515625,2063.51953125,55.467098236083984,32.185001373291016
3730.654052734375,2062.583740234375,55.59429931640625,32.92219924926758
3731.390380859375,2061.421875,55.674198150634766,34.07400131225586
3731.625244140625,2064.068603515625,55.22119903564453,31.724700927734375
3730.394287109375,2061.845703125,56.75389862060547,35.76089859008789
3731.21826171875,2062.901123046875,55.40169906616211,32.76100158691406
3731.352294921875,2061.788818359375,55.7947998046875,33.63959884643555
3731.854248046875,2062.68701171875,55.80139923095703,32.48870086669922
3731.291748046875,2061.977783203125,55.359500885009766,33.75849914550781
3731.8564453125,2064.071044921875,44.3577995300293,30.678199768066406
3731.6630859375,2063.971435546875,56.295799255371094,31.494300842285156
3730.800537109375,2062.90966796875,55.48889923095703,32.53609848022461
3730.7548828125,2062.08935546875,55.796199798583984,33.5260009765625
3731.674072265625,2063.290771484375,55.535701751708984,31.952699661254883
3735.798095703125,2063.356201171875,49.24810028076172,31.652099609375
3730.803955078125,2063.40869140625,56.39759826660156,31.750699996948242
3730.6083984375,2062.666015625,55.59600067138672,32.93069839477539
3731.2001953125,2061.382080078125,55.71630096435547,34.10850143432617
3731.515869140625,2064.193115234375,55.5369987487793,31.524900436401367
3731.198486328125,2063.197265625,55.734798431396484,32.240699768066406
3730.884765625,2062.173095703125,55.61800003051758,33.52510070800781
3730.885009765625,2063.646484375,55.21009826660156,32.010501861572266
3730.9755859375,2062.906005859375,55.498199462890625,32.54690170288086
3731.55810546875,2061.9599609375,55.20100021362305,33.77119827270508
3731.0888671875,2063.611083984375,55.245601654052734,31.941999435424805
3730.95849609375,2062.898681640625,55.465599060058594,32.558799743652344
3730.755615234375,2062.0234375,55.78969955444336,33.50669860839844
3731.841552734375,2063.20654296875,55.73720169067383,32.16080093383789
3730.931640625,2062.32275390625,55.5525016784668,33.34550094604492
3724.39697265625,2050.0439453125,62.28839874267578,44.00400161743164
3731.457275390625,2062.627685546875,54.70560073852539,33.695499420166016
3731.2998046875,2061.9326171875,55.52199935913086,33.8489990234375
3731.779052734375,2063.15576171875,55.555599212646484,32.282501220703125
3730.748779296875,2061.92529296875,55.812198638916016,33.53739929199219
3731.529541015625,2063.56982421875,55.38669967651367,31.444499969482422
3731.1591796875,2063.731689453125,55.55220031738281,31.633899688720703
3731.03759765625,2063.202880859375,55.71480178833008,32.224700927734375
3731.04345703125,2062.43115234375,55.24810028076172,33.3916015625
3731.32275390625,2062.0703125,55.37799835205078,33.760398864746094
3731.520263671875,2063.419921875,55.58190155029297,32.082401275634766
3730.8046875,2062.669921875,55.39339828491211,32.877601623535156
3731.27734375,2061.46923828125,55.657100677490234,34.05110168457031
3731.373291015625,2063.60400390625,55.90800094604492,31.372400283813477
3731.075927734375,2063.252197265625,55.57229995727539,32.154598236083984
3729.316162109375,2061.116943359375,67.6447982788086,34.95439910888672
3731.55712890625,2062.72607421875,55.309898376464844,33.242801666259766
3731.318115234375,2061.858642578125,55.34939956665039,34.01070022583008
3730.9921875,2063.177734375,55.510398864746094,32.61800003051758
3731.46826171875,2062.013916015625,55.18069839477539,33.70109939575195
3731.5234375,2062.07958984375,55.52370071411133,33.76350021362305
3731.203369140625,2063.529541015625,55.580101013183594,31.578500747680664
3731.17919921875,2063.440673828125,55.562801361083984,31.895700454711914
3731.005859375,2062.90576171875,55.46860122680664,32.569400787353516
3731.422607421875,2061.849853515625,55.46590042114258,33.71699905395508
3731.797607421875,2063.613525390625,55.874000549316406,31.236900329589844
3731.38720703125,2063.963134765625,55.44919967651367,31.306499481201172
3731.526611328125,2063.85498046875,55.605201721191406,31.480199813842773
3731.343017578125,2063.23583984375,55.565399169921875,32.2052001953125
3730.69921875,2062.500732421875,55.632301330566406,32.902099609375
3731.80908203125,2062.065673828125,55.00450134277344,33.330501556396484
3731.512939453125,2061.471435546875,55.39830017089844,34.227901458740234
3731.361572265625,2063.901123046875,55.54800033569336,31.871200561523438
3730.99462890625,2062.88671875,55.474700927734375,32.58190155029297
3731.36669921875,2061.827392578125,55.59170150756836,33.6952018737793
3731.34423828125,2063.1240234375,55.67639923095703,32.47760009765625
3731.137939453125,2061.991943359375,55.18000030517578,33.75519943237305
3730.914306640625,2063.135986328125,55.30550003051758,32.44850158691406
3731.073486328125,2062.396240234375,55.338600158691406,33.46630096435547
3732.10595703125,2063.451171875,55.51679992675781,31.487499237060547
3731.407470703125,2063.859130859375,55.55929946899414,31.46269989013672
3731.212158203125,2064.11328125,55.533599853515625,31.107999801635742
3731.74560546875,2063.64794921875,55.58089828491211,31.746999740600586
3730.96923828125,2062.916015625,55.4656982421875,32.53580093383789
3730.857421875,2062.1728515625,55.61130142211914,33.55059814453125
3738.96142578125,2064.59814453125,45.382999420166016,30.314699172973633
3731.754150390625,2063.938720703125,55.90530014038086,31.340099334716797
3731.1328125,2063.24462890625,55.5901985168457,32.17900085449219
3730.77001953125,2062.744873046875,55.39139938354492,32.73590087890625
3731.39208984375,2061.87451171875,55.35850143432617,33.71860122680664
3731.42333984375,2063.658935546875,55.427398681640625,31.546600341796875
3731.312744140625,2063.7275390625,55.53200149536133,31.647600173950195
3731.084228515625,2063.172119140625,55.6963996887207,32.278900146484375
3730.842041015625,2062.033203125,55.67919921875,33.503299713134766
3731.447021484375,2063.26025390625,55.618900299072266,32.12820053100586
3730.68212890625,2062.639892578125,55.5802001953125,32.90520095825195
3731.427734375,2061.407958984375,55.457698822021484,34.23680114746094
3731.304443359375,2063.822265625,55.51449966430664,31.907400131225586
3731.023193359375,2062.890380859375,55.462398529052734,32.5702018737793
3731.472412109375,2061.85888671875,55.668399810791016,33.57270050048828
3731.170654296875,2063.342041015625,55.450599670410156,32.24129867553711
3730.73828125,2062.619873046875,55.46310043334961,32.909698486328125
3731.297119140625,2061.287109375,55.73929977416992,34.206600189208984
