1
204.73199462890625,359.2818908691406,29.887800216674805,10.788399696350098
205.28419494628906,359.59161376953125,29.67620086669922,11.943300247192383
205.40280151367188,359.5357971191406,30.302099227905273,12.3725004196167
204.7738037109375,359.4486999511719,30.186399459838867,12.552200317382812
204.7738037109375,359.4486999511719,30.186399459838867,12.552200317382812
204.7738037109375,359.4486999511719,30.186399459838867,12.552200317382812
204.7738037109375,359.4486999511719,30.186399459838867,12.552200317382812
204.7738037109375,359.4486999511719,30.186399459838867,12.552200317382812
204.7738037109375,359.4486999511719,30.186399459838867,12.552200317382812
204.7738037109375,359.4486999511719,30.186399459838867,12.552200317382812
204.7738037109375,359.4486999511719,30.186399459838867,12.552200317382812
204.7738037109375,359.4486999511719,30.186399459838867,12.552200317382812
204.7738037109375,359.4486999511719,30.186399459838867,12.552200317382812
204.7738037109375,359.4486999511719,30.186399459838867,12.552200317382812
204.7738037109375,359.4486999511719,30.186399459838867,12.552200317382812
204.7738037109375,359.4486999511719,30.186399459838867,12.552200317382812
204.7738037109375,359.4486999511719,30.186399459838867,12.552200317382812
204.7738037109375,359.4486999511719,30.186399459838867,12.552200317382812
204.7738037109375,359.4486999511719,30.186399459838867,12.552200317382812
204.7738037109375,359.4486999511719,30.186399459838867,12.552200317382812
204.7738037109375,359.4486999511719,30.186399459838867,12.552200317382812
204.7738037109375,359.4486999511719,30.186399459838867,12.552200317382812
204.7738037109375,359.4486999511719,30.186399459838867,12.552200317382812
204.7738037109375,359.4486999511719,30.186399459838867,12.552200317382812
204.7738037109375,359.4486999511719,30.186399459838867,12.552200317382812
204.7738037109375,359.4486999511719,30.186399459838867,12.552200317382812
204.7738037109375,359.4486999511719,30.186399459838867,12.552200317382812
204.7738037109375,359.4486999511719,30.186399459838867,12.552200317382812
204.7738037109375,359.4486999511719,30.186399459838867,12.552200317382812
204.7738037109375,359.4486999511719,30.186399459838867,12.552200317382812
204.7738037109375,359.4486999511719,30.186399459838867,12.552200317382812
204.7738037109375,359.4486999511719,30.186399459838867,12.552200317382812
204.7738037109375,359.4486999511719,30.186399459838867,12.552200317382812
204.7738037109375,359.4486999511719,30.186399459838867,12.552200317382812
204.7738037109375,359.4486999511719,30.186399459838867,12.552200317382812
204.7738037109375,359.4486999511719,30.186399459838867,12.552200317382812
204.7738037109375,359.4486999511719,30.186399459838867,12.552200317382812
2101.47705078125,1389.660400390625,29.9419002532959,12.2475004196167
2101.6123046875,1389.5623779296875,30.05900001525879,12.211400032043457
2101.121826171875,1389.6669921875,30.060800552368164,12.058799743652344
2101.485595703125,1389.5667724609375,30.05970001220703,12.128000259399414
2101.033203125,1389.522216796875,30.16670036315918,12.376399993896484
2101.1865234375,1389.749267578125,29.947900772094727,12.097599983215332
2101.060791015625,1389.5911865234375,30.084400177001953,12.170299530029297
2101.19970703125,1389.5172119140625,30.093700408935547,12.346599578857422
2100.798095703125,1389.702880859375,30.021699905395508,12.143899917602539
2100.94677734375,1389.578369140625,30.1289005279541,12.22029972076416
2101.18505859375,1389.6116943359375,29.970199584960938,12.329899787902832
2101.139892578125,1389.6353759765625,29.997699737548828,12.186599731445312
2100.98828125,1389.5806884765625,30.116199493408203,12.246500015258789
2101.453369140625,1389.6275634765625,29.91819953918457,12.393799781799316
2101.142822265625,1389.6514892578125,29.940200805664062,12.078700065612793
2101.1181640625,1389.720458984375,30.490800857543945,11.990599632263184
2101.029296875,1389.6246337890625,30.12190055847168,12.077899932861328
2101.28857421875,1389.7603759765625,30.097900390625,11.788200378417969
2101.640380859375,1389.81201171875,29.987699508666992,11.762700080871582
2101.06591796875,1389.7529296875,30.39349937438965,12.110400199890137
2100.734375,1389.322998046875,29.66550064086914,11.030699729919434
2101.55908203125,1389.65234375,30.212799072265625,12.010100364685059
2100.98193359375,1389.5789794921875,30.097900390625,12.206500053405762
2101.35986328125,1389.61328125,29.94379997253418,12.321499824523926
2101.356201171875,1389.4791259765625,30.05620002746582,12.425000190734863
2101.46875,1389.70458984375,29.588699340820312,12.065999984741211
2101.247802734375,1389.8797607421875,29.915000915527344,11.899200439453125
2101.428955078125,1389.7957763671875,30.030399322509766,12.287799835205078
2101.060546875,1389.558349609375,29.988500595092773,12.444899559020996
2100.738037109375,1389.664306640625,29.94770050048828,12.323800086975098
2101.45947265625,1389.6043701171875,29.923200607299805,12.289299964904785
2101.61328125,1389.61181640625,29.97559928894043,12.128899574279785
2100.82080078125,1389.5970458984375,30.162099838256836,12.15779972076416
2101.335205078125,1389.5560302734375,30.10110092163086,12.207799911499023
2101.543212890625,1389.631103515625,29.922800064086914,12.178099632263184
2100.931396484375,1389.1806640625,30.5403995513916,8.153599739074707
2101.268798828125,1389.6671142578125,29.414899826049805,11.897299766540527
2100.960205078125,1389.851318359375,30.35580062866211,11.932499885559082
2100.842529296875,1389.544677734375,30.097900390625,12.221799850463867
2100.76806640625,1389.5609130859375,30.043500900268555,12.38070011138916
2100.99072265625,1389.703125,29.939300537109375,12.255800247192383
2101.3095703125,1389.6507568359375,29.922399520874023,11.840100288391113
2100.92529296875,1389.8896484375,30.291200637817383,12.071999549865723
2101.164794921875,1389.51708984375,30.065099716186523,12.34160041809082
2101.062744140625,1389.72021484375,29.915000915527344,12.091699600219727
2101.09814453125,1389.619384765625,30.18950080871582,12.091899871826172
2100.75634765625,1389.749755859375,30.197999954223633,11.863900184631348
2101.202880859375,1389.8280029296875,30.06089973449707,12.151100158691406
2101.1484375,1389.527587890625,30.101900100708008,12.382800102233887
2101.309814453125,1389.6075439453125,29.985700607299805,12.342499732971191
2101.6318359375,1389.632080078125,29.812700271606445,11.599800109863281
2101.052001953125,1389.7708740234375,30.020599365234375,11.929499626159668
2101.013671875,1389.6749267578125,30.107799530029297,12.408300399780273
2100.8310546875,1389.6766357421875,29.954500198364258,12.217100143432617
2101.265625,1389.571044921875,30.09980010986328,12.225199699401855
2101.679931640625,1389.5347900390625,30.045499801635742,12.381199836730957
2101.092529296875,1389.701416015625,29.94770050048828,12.138799667358398
2101.042724609375,1389.685302734375,30.098600387573242,12.017399787902832
2101.04736328125,1389.6368408203125,30.121000289916992,12.051799774169922
2100.93212890625,1389.6614990234375,30.13920021057129,11.972700119018555
2101.296630859375,1389.7705078125,30.059200286865234,12.35669994354248
2101.6337890625,1389.65576171875,29.983299255371094,12.121199607849121
2101.000244140625,1389.56640625,30.13599967956543,12.22719955444336
2101.40478515625,1389.595703125,29.970399856567383,12.338700294494629
2101.116943359375,1389.6519775390625,29.95400047302246,12.280799865722656
2101.4072265625,1389.5941162109375,29.822799682617188,12.216300010681152
2101.103515625,1389.692626953125,30.124300003051758,11.950599670410156
2101.1650390625,1389.9989013671875,29.782499313354492,11.518699645996094
2101.102783203125,1389.6900634765625,30.04170036315918,11.977700233459473
2101.84716796875,1389.7476806640625,29.999799728393555,12.319100379943848
2109.36669921875,1389.974609375,19.702899932861328,12.477499961853027
2101.671875,1389.5804443359375,29.354799270629883,12.126199722290039
2101.445556640625,1389.689697265625,29.946399688720703,12.390600204467773
2101.20654296875,1389.695556640625,29.933399200439453,12.279899597167969
2101.614990234375,1389.554931640625,29.945600509643555,12.24899959564209
2100.956787109375,1389.700439453125,30.300600051879883,11.891200065612793
2100.601318359375,1389.520263671875,30.053300857543945,12.5826997756958
2101.352783203125,1389.64892578125,29.973800659179688,12.245100021362305
2100.647216796875,1389.6041259765625,30.134000778198242,12.28600025177002
2101.30419921875,1389.5316162109375,29.995399475097656,12.464300155639648
2100.856689453125,1389.6429443359375,30.029800415039062,12.218700408935547
2100.60986328125,1389.677490234375,30.144399642944336,12.072400093078613
2100.677490234375,1389.5755615234375,30.14859962463379,12.254500389099121
2101.323974609375,1389.5819091796875,30.025100708007812,12.239899635314941
2101.02197265625,1389.5206298828125,30.014400482177734,12.450400352478027
2101.384765625,1389.7086181640625,29.84950065612793,11.852399826049805
2101.006591796875,1390.0404052734375,30.24329948425293,11.695199966430664
2101.015869140625,1389.8712158203125,30.253799438476562,12.132399559020996
2100.696533203125,1389.673828125,30.194700241088867,12.006600379943848
2100.954345703125,1389.5792236328125,30.155899047851562,12.201700210571289
2101.1318359375,1389.615478515625,30.008399963378906,12.208499908447266
2100.90673828125,1389.6768798828125,30.087799072265625,12.057000160217285
2100.951416015625,1389.638671875,30.170700073242188,12.061699867248535
2101.269775390625,1389.593017578125,30.114999771118164,12.1673002243042
2100.719970703125,1389.705078125,30.222700119018555,11.98900032043457
2100.55029296875,1389.64501953125,30.21649932861328,12.112299919128418
2101.489990234375,1389.5078125,30.007999420166016,12.332099914550781
2101.2236328125,1389.6326904296875,30.00749969482422,12.289899826049805
2101.26904296875,1389.5894775390625,29.982099533081055,12.327099800109863
2101.15771484375,1389.603271484375,29.988800048828125,12.27079963684082
2098.3525390625,1391.6993408203125,20.818700790405273,11.463800430297852
2101.871826171875,1389.6470947265625,29.565500259399414,11.811400413513184
2101.46240234375,1389.87841796875,30.058799743652344,12.074600219726562
2100.68798828125,1389.636962890625,30.100799560546875,12.147199630737305
2100.62060546875,1389.611328125,30.22800064086914,12.223199844360352
2101.668701171875,1389.4931640625,29.96780014038086,12.357099533081055
2101.201171875,1389.6094970703125,29.973800659179688,12.24940013885498
2100.874267578125,1389.54931640625,30.100200653076172,12.312700271606445
2101.158203125,1389.580078125,30.010700225830078,12.340100288391113
2101.14306640625,1389.6590576171875,30.01289939880371,11.976900100708008
2100.835205078125,1389.80517578125,30.17799949645996,12.423600196838379
2101.550048828125,1389.513916015625,30.037500381469727,12.321900367736816
2101.027587890625,1389.684326171875,29.906200408935547,12.281299591064453
2101.135009765625,1389.4749755859375,30.04800033569336,12.47819995880127
2101.5390625,1389.4727783203125,30.03260040283203,12.424500465393066
2099.632080078125,1389.8974609375,24.277999877929688,12.277400016784668
2101.668701171875,1389.5615234375,30.03030014038086,12.112099647521973
2100.7958984375,1389.544921875,30.17140007019043,12.249099731445312
2100.756591796875,1389.6195068359375,30.00659942626953,12.307900428771973
2101.227294921875,1389.583251953125,30.033199310302734,12.275799751281738
2100.92138671875,1389.7769775390625,30.223600387573242,11.73009967803955
2101.179443359375,1389.8328857421875,30.28809928894043,11.938599586486816
2101.500732421875,1389.51416015625,30.056400299072266,12.275899887084961
2101.359130859375,1389.6197509765625,29.926300048828125,12.241600036621094
2101.383056640625,1389.560791015625,30.153499603271484,12.275300025939941
2100.986328125,1389.716064453125,29.03660011291504,11.136199951171875
2101.5029296875,1389.5882568359375,29.910900115966797,12.322199821472168
2101.0107421875,1389.62744140625,29.935300827026367,12.182900428771973
2100.53759765625,1389.66064453125,30.1466007232666,12.183600425720215
2101.342529296875,1389.61279296875,30.125099182128906,12.086600303649902
2100.7353515625,1389.4832763671875,30.215499877929688,12.551799774169922
2101.52197265625,1389.51416015625,30.010299682617188,12.346500396728516
2100.74755859375,1389.5220947265625,30.0625,12.383899688720703
2101.0634765625,1389.54443359375,30.01460075378418,12.32509994506836
2100.861572265625,1389.63427734375,29.985000610351562,12.271200180053711
2101.191162109375,1389.7802734375,29.9242000579834,12.23330020904541
2101.4033203125,1389.657958984375,30.074499130249023,11.989899635314941
2101.51318359375,1389.8779296875,29.97330093383789,12.006799697875977
2101.514892578125,1389.9613037109375,29.89579963684082,11.849599838256836
2100.763671875,1389.8861083984375,30.32360076904297,12.106900215148926
2101.07275390625,1389.6707763671875,30.194900512695312,12.030099868774414
2101.042724609375,1389.5919189453125,30.159400939941406,12.166199684143066
2100.673583984375,1389.5281982421875,30.13129997253418,12.372099876403809
2100.779541015625,1389.6031494140625,29.925100326538086,12.326700210571289
2101.371337890625,1389.643798828125,29.973600387573242,12.128800392150879
2100.702880859375,1389.6221923828125,30.393699645996094,12.225199699401855
2100.724853515625,1389.6798095703125,29.96310043334961,12.187999725341797
2100.936767578125,1389.616455078125,30.147300720214844,12.158499717712402
2100.908203125,1389.5582275390625,30.194400787353516,12.295000076293945
2101.627685546875,1389.588623046875,29.943300247192383,12.192899703979492
2100.90869140625,1389.5750732421875,30.18720054626465,12.236900329589844
2101.056396484375,1389.5892333984375,29.986299514770508,12.224900245666504
2101.35986328125,1389.64013671875,30.045400619506836,11.991600036621094
2101.5244140625,1389.8575439453125,30.014299392700195,12.127400398254395
2101.031005859375,1389.558349609375,30.148700714111328,12.25220012664795
2101.20751953125,1389.5213623046875,29.97640037536621,12.496899604797363
2101.896728515625,1389.5914306640625,29.957000732421875,12.091899871826172
2100.814208984375,1389.6571044921875,30.199399948120117,12.056699752807617
2100.801025390625,1389.739013671875,30.167999267578125,11.872099876403809
2101.426025390625,1389.6661376953125,30.003999710083008,12.401700019836426
2100.928466796875,1389.59423828125,29.629600524902344,12.231499671936035
2100.861572265625,1389.7303466796875,30.128299713134766,11.888999938964844
