1
447.28021240234375,371.16070556640625,74.2499008178711,155.3448028564453
446.7633056640625,371.5271911621094,75.04409790039062,156.83059692382812
446.44891357421875,372.0556945800781,75.42130279541016,158.21670532226562
445.614013671875,369.56390380859375,76.36720275878906,159.3280029296875
3564.5537109375,1838.54248046875,75.10340118408203,160.2008056640625
3562.349609375,1859.1019287109375,75.314697265625,146.2884979248047
3561.711181640625,1845.99072265625,76.30020141601562,159.09060668945312
3560.612060546875,1846.452880859375,75.49199676513672,158.2095947265625
3560.9423828125,1843.740966796875,75.58899688720703,157.59649658203125
3561.114013671875,1845.004638671875,75.87760162353516,158.39450073242188
3561.22998046875,1844.302001953125,75.6769027709961,158.056396484375
3561.037109375,1844.1373291015625,75.5968017578125,156.97540283203125
3560.984619140625,1845.021728515625,75.95899963378906,158.54100036621094
3561.506103515625,1843.3350830078125,74.85350036621094,158.32850646972656
3562.95361328125,1842.3829345703125,76.19239807128906,158.78250122070312
3560.9365234375,1842.4884033203125,75.04209899902344,158.9311981201172
3561.061279296875,1844.0518798828125,75.47450256347656,157.48890686035156
3561.26123046875,1845.06982421875,75.654296875,158.41580200195312
3561.22998046875,1844.6502685546875,75.52339935302734,156.9434051513672
3561.764404296875,1844.241943359375,75.7781982421875,158.7052001953125
3561.312744140625,1845.1500244140625,75.60890197753906,157.83189392089844
3560.95703125,1844.076171875,75.51080322265625,157.5968017578125
3561.035888671875,1844.210205078125,76.06659698486328,158.3822021484375
3561.478271484375,1843.783935546875,75.0000991821289,157.88900756835938
3560.944091796875,1845.5289306640625,76.3052978515625,158.13909912109375
3562.291015625,1845.6141357421875,78.74400329589844,128.3795928955078
3560.589111328125,1844.54541015625,74.96589660644531,158.00840759277344
3561.681396484375,1843.4989013671875,75.87889862060547,158.66259765625
3561.34716796875,1843.5877685546875,74.8311996459961,158.393798828125
3562.296142578125,1843.3128662109375,76.15260314941406,158.5998992919922
3561.08251953125,1843.4310302734375,74.92459869384766,158.80239868164062
3561.047607421875,1844.6063232421875,75.75599670410156,158.38999938964844
3561.22216796875,1844.375732421875,75.68499755859375,157.8957061767578
3560.9951171875,1844.18310546875,75.41069793701172,157.50929260253906
3562.346923828125,1843.4420166015625,75.81559753417969,158.73789978027344
3561.8037109375,1844.770263671875,74.63079833984375,158.34129333496094
3562.328125,1844.4384765625,75.6720962524414,158.2303924560547
3561.06005859375,1844.34228515625,75.56839752197266,156.72479248046875
3561.02978515625,1845.55859375,75.99490356445312,158.00210571289062
3561.51025390625,1844.6182861328125,75.58879852294922,157.8502960205078
3561.045654296875,1843.8775634765625,75.56749725341797,157.468505859375
3560.971435546875,1843.652099609375,75.87480163574219,158.4781951904297
3561.029052734375,1843.918701171875,75.92859649658203,157.7032012939453
3561.258056640625,1844.6239013671875,75.53900146484375,156.75900268554688
3560.93017578125,1844.8543701171875,76.08740234375,158.29519653320312
3561.5908203125,1844.2945556640625,74.80879974365234,158.02749633789062
3561.410888671875,1844.3563232421875,76.12519836425781,158.20179748535156
3561.56298828125,1844.06689453125,74.96720123291016,158.09500122070312
3561.05419921875,1844.25390625,75.82109832763672,158.63949584960938
3561.572509765625,1844.5234375,74.88770294189453,158.1239013671875
3560.837646484375,1845.9609375,76.16729736328125,156.951904296875
3561.042236328125,1845.01123046875,75.59639739990234,156.86810302734375
3561.1787109375,1844.69970703125,75.88919830322266,158.47210693359375
3561.8291015625,1844.32373046875,75.68779754638672,157.7122039794922
3561.14501953125,1843.989501953125,75.39189910888672,157.49270629882812
3562.63134765625,1842.170654296875,76.53610229492188,159.16819763183594
3560.322021484375,1843.6251220703125,75.23829650878906,158.49899291992188
3561.001220703125,1844.032470703125,75.46320343017578,157.62950134277344
3562.280517578125,1843.66259765625,75.87950134277344,158.78680419921875
3561.751708984375,1844.5321044921875,74.89779663085938,158.18930053710938
3562.53515625,1845.48974609375,76.51360321044922,158.4844970703125
3560.27880859375,1843.57373046875,76.03739929199219,158.32980346679688
3561.705810546875,1844.23095703125,74.83450317382812,158.00059509277344
3562.517578125,1843.37353515625,75.43499755859375,157.87179565429688
3561.763671875,1843.8760986328125,75.74410247802734,158.747802734375
3551.548095703125,1848.01708984375,96.20069885253906,155.97360229492188
3563.46142578125,1840.6640625,79.09220123291016,162.45889282226562
3560.914306640625,1843.8543701171875,73.9303970336914,157.37750244140625
3561.31884765625,1847.405517578125,76.34300231933594,157.48629760742188
3561.4189453125,1845.2606201171875,75.58399963378906,157.78050231933594
3561.0146484375,1843.3782958984375,75.55020141601562,157.41909790039062
3561.3857421875,1843.69189453125,75.5833969116211,158.40780639648438
3561.2197265625,1845.04638671875,75.4636001586914,156.76339721679688
3561.680908203125,1844.4984130859375,76.22000122070312,158.1533966064453
3561.768310546875,1844.6856689453125,74.83899688720703,158.20950317382812
3556.133544921875,1846.1866455078125,86.72100067138672,155.69529724121094
3562.801025390625,1848.287353515625,77.29340362548828,159.83680725097656
3561.463134765625,1846.2724609375,73.16539764404297,157.38189697265625
3564.25048828125,1845.5609130859375,76.72660064697266,158.13600158691406
3560.430419921875,1842.790771484375,75.75910186767578,158.5052032470703
3561.015380859375,1842.8988037109375,75.90560150146484,158.10350036621094
3561.204345703125,1845.549560546875,75.845703125,157.76210021972656
3561.080810546875,1844.4915771484375,75.57270050048828,156.9862060546875
3561.573974609375,1844.0242919921875,76.0884017944336,158.65310668945312
3560.71044921875,1842.9287109375,74.98930358886719,158.91209411621094
3562.78759765625,1844.253662109375,75.71589660644531,158.85690307617188
3561.30517578125,1843.779052734375,75.16560363769531,158.03219604492188
3561.67333984375,1844.7296142578125,76.19640350341797,158.70919799804688
3560.615478515625,1843.0789794921875,75.11489868164062,158.96310424804688
3561.208740234375,1844.3597412109375,75.46540069580078,157.59629821777344
3561.834716796875,1843.1832275390625,75.95020294189453,158.5637969970703
3561.459716796875,1843.444580078125,74.85559844970703,158.13929748535156
3561.805908203125,1844.679443359375,75.93180084228516,158.0489959716797
3561.2021484375,1843.921630859375,75.6272964477539,157.872802734375
3561.05908203125,1843.739013671875,75.48970031738281,157.5364990234375
3563.035400390625,1845.5826416015625,75.59190368652344,161.95249938964844
3561.362060546875,1847.1090087890625,74.08519744873047,156.17149353027344
3564.0693359375,1846.55029296875,76.3927993774414,157.55650329589844
3561.514892578125,1843.9781494140625,74.78050231933594,158.37159729003906
3561.547119140625,1845.3927001953125,75.85919952392578,158.33290100097656
3561.34814453125,1845.3341064453125,75.79920196533203,157.7760009765625
3561.2568359375,1844.788818359375,75.51180267333984,156.98699951171875
3562.327880859375,1842.8795166015625,75.90540313720703,158.7469940185547
3561.671142578125,1844.2353515625,74.78469848632812,158.32949829101562
3562.3134765625,1843.3155517578125,75.8427963256836,157.9654998779297
3565.193603515625,1880.480712890625,74.63619995117188,127.64520263671875
3561.058349609375,1846.5396728515625,73.46910095214844,157.41119384765625
3562.7958984375,1846.637451171875,76.68419647216797,157.5991973876953
3560.977294921875,1843.54345703125,75.04019927978516,158.71690368652344
3561.03857421875,1844.9783935546875,75.8230972290039,158.37559509277344
3564.54052734375,1841.1728515625,56.56679916381836,162.56539916992188
3561.0966796875,1845.4959716796875,74.00050354003906,158.03729248046875
3562.7744140625,1846.733642578125,76.72000122070312,157.03790283203125
3561.681396484375,1844.2896728515625,74.78630065917969,158.3560028076172
3561.552001953125,1844.4818115234375,76.0115966796875,158.16419982910156
3560.775634765625,1837.329345703125,84.7699966430664,168.33689880371094
3560.90234375,1845.843505859375,75.03800201416016,156.9571990966797
3561.0966796875,1846.06884765625,75.7781982421875,157.64559936523438
3561.0009765625,1843.3731689453125,75.58899688720703,157.47079467773438
3561.05712890625,1844.4501953125,75.70600128173828,158.51119995117188
3561.0673828125,1843.1318359375,75.67649841308594,157.40469360351562
3561.34814453125,1844.8648681640625,75.6187973022461,158.5323944091797
3561.1044921875,1844.4805908203125,75.56780242919922,156.9029998779297
3560.8515625,1844.649658203125,76.02169799804688,158.56129455566406
3561.490478515625,1843.4981689453125,74.87560272216797,158.16990661621094
3558.6435546875,1854.2021484375,78.70770263671875,149.86309814453125
3561.260986328125,1844.46142578125,76.09210205078125,157.3928985595703
3561.06298828125,1844.60791015625,75.55870056152344,156.7841033935547
3561.557861328125,1843.811767578125,76.09839630126953,158.70199584960938
3560.906005859375,1843.7711181640625,75.10260009765625,158.6230010986328
3561.445556640625,1845.64404296875,75.49960327148438,156.49070739746094
3562.130859375,1843.5052490234375,75.84839630126953,158.0749969482422
3561.243408203125,1845.46533203125,75.4563980102539,156.88909912109375
3561.443115234375,1845.8800048828125,75.9832992553711,158.3350067138672
3561.406005859375,1843.5595703125,74.79840087890625,158.19259643554688
3562.43994140625,1844.0194091796875,75.84349822998047,158.1116943359375
3561.39892578125,1843.935302734375,75.49259948730469,158.05650329589844
3561.194580078125,1844.0123291015625,75.4364013671875,157.61570739746094
3561.540771484375,1843.3515625,75.88349914550781,158.57859802246094
3561.594970703125,1843.6746826171875,74.85150146484375,158.07479858398438
3560.72314453125,1844.648193359375,71.57279968261719,114.96420288085938
3562.9482421875,1840.564697265625,73.55549621582031,159.58599853515625
3561.73388671875,1845.994873046875,75.41780090332031,157.5052947998047
3561.774658203125,1844.111328125,75.7156982421875,158.74710083007812
3561.461181640625,1845.112060546875,75.60780334472656,157.79379272460938
3560.982177734375,1843.9471435546875,75.50039672851562,157.65679931640625
3561.729736328125,1844.03857421875,75.9542007446289,158.53770446777344
3561.73486328125,1844.070556640625,74.74819946289062,158.45950317382812
3561.61572265625,1845.9130859375,75.87429809570312,158.27859497070312
3561.856689453125,1843.69921875,75.63600158691406,158.2480010986328
3560.20751953125,1843.6390380859375,76.44930267333984,156.7628936767578
3560.975830078125,1844.663818359375,75.67680358886719,156.7283935546875
3560.953369140625,1844.6151123046875,76.01499938964844,158.4573974609375
3562.1845703125,1843.243896484375,74.7300033569336,158.17950439453125
3560.88818359375,1845.199951171875,76.03990173339844,158.18800354003906
3561.667724609375,1843.744140625,74.7020034790039,158.34060668945312
3561.4716796875,1845.6884765625,76.02230072021484,158.28460693359375
3562.44580078125,1842.260498046875,74.73829650878906,158.47940063476562
3561.7734375,1844.9241943359375,76.09149932861328,158.3031005859375
3561.24560546875,1843.1497802734375,75.20130157470703,158.1051025390625
3561.292724609375,1844.126953125,75.75029754638672,158.35459899902344
3561.771728515625,1845.3218994140625,75.61579895019531,158.15440368652344
3561.029541015625,1845.0435791015625,75.72059631347656,156.8769989013672
3561.00927734375,1845.082275390625,75.87439727783203,158.56149291992188
3561.717529296875,1843.996337890625,74.74729919433594,158.3773956298828
3560.962158203125,1846.1612548828125,76.33419799804688,157.63699340820312
3561.53759765625,1844.45654296875,75.0823974609375,157.97950744628906
3562.27734375,1843.4327392578125,75.92379760742188,158.83090209960938
3561.84423828125,1844.3218994140625,74.81770324707031,158.13229370117188
3560.75,1844.9625244140625,76.24949645996094,158.33270263671875
3560.53369140625,1844.8524169921875,75.13279724121094,156.4344024658203
3561.41748046875,1844.9403076171875,75.77279663085938,157.889404296875
3561.499267578125,1845.0186767578125,75.39459991455078,156.59829711914062
3561.064453125,1844.8148193359375,75.97699737548828,157.4210968017578
3561.056884765625,1844.9383544921875,75.54920196533203,156.69369506835938
3563.03857421875,1847.362548828125,68.88780212402344,150.102294921875
3561.641357421875,1847.189697265625,74.2343978881836,155.8448944091797
3562.730224609375,1847.037109375,75.55850219726562,157.64830017089844
3561.53662109375,1843.5550537109375,75.98819732666016,158.58489990234375
3561.79736328125,1844.294189453125,74.69730377197266,158.1875
3562.18603515625,1844.030029296875,76.20760345458984,158.26229858398438
3561.187744140625,1843.44580078125,75.38359832763672,158.29930114746094
3561.338134765625,1844.2440185546875,75.43419647216797,157.38290405273438
3561.574462890625,1844.175537109375,75.90509796142578,158.6732940673828
3561.770263671875,1843.8660888671875,74.56199645996094,158.36669921875
3571.54638671875,1882.6214599609375,68.30149841308594,124.6812973022461
3560.781005859375,1843.9443359375,74.16940307617188,159.7667999267578
3561.1298828125,1844.26220703125,75.83049774169922,158.49049377441406
3561.19140625,1844.2138671875,75.84519958496094,157.6031036376953
3560.944091796875,1843.5281982421875,75.57969665527344,157.68679809570312
3562.9951171875,1848.3026123046875,75.59200286865234,154.04190063476562
3562.676025390625,1847.3594970703125,76.50199890136719,157.06199645996094
3561.901611328125,1843.8394775390625,75.56759643554688,158.30909729003906
3561.021728515625,1844.107421875,75.74330139160156,156.53280639648438
3561.185791015625,1845.24169921875,75.83070373535156,158.47140502929688
3561.35302734375,1845.63037109375,75.75879669189453,157.80259704589844
3561.23681640625,1844.3089599609375,75.53839874267578,156.62559509277344
3561.204345703125,1845.5721435546875,76.61109924316406,158.2624053955078
3560.451416015625,1843.628173828125,75.94989776611328,158.28990173339844
